Data for output: ...
fp: 3875.0
f0: 242.13504077495267
ag: 27.885150899226847 (in)
