Data for output: ...
fp: 0.0
f0: 258.57233328212715
ag: 26.112508110575593 (in)
